DemonR1
20.72 
20.68 
20.04002 
19.92002 
19.88002 
19.88002 
19.84002 
19.80002 
19.80002 
19.76003 
19.76003 
19.72003 
19.68003 
19.68003 
19.64003 
19.60003 
19.60003 
19.56003 
19.52003 
19.52003 
19.48003 
19.48003 
19.44003 
19.40003 
19.40003 
19.36003 
19.36003 
19.32004 
19.32004 
19.28004 
19.24004 
19.24004 
19.20004 
19.20004 
19.16004 
19.16004 
19.12004 
19.12004 
19.08004 
19.04004 
19.04004 
19.00004 
19.00004 
18.96004 
18.96004 
18.92005 
18.88005 
18.88005 
18.84005 
18.84005 
18.80005 
18.80005 
18.76005 
18.76005 
18.72005 
18.72005 
18.68005 
18.64005 
18.64005 
18.60005 
18.60005 
18.56005 
18.56005 
18.52006 
18.52006 
18.48006 
18.44006 
18.44006 
18.40006 
18.40006 
18.36006 
18.36006 
18.32006 
18.32006 
18.28006 
18.28006 
18.24006 
18.24006 
18.20006 
18.16006 
18.16006 
18.12007 
18.08007 
18.08007 
18.04007 
17.96007 
17.92007 
17.88007 
17.88007 
17.84007 
17.80007 
17.80007 
17.76007 
17.72008 
17.72008 
17.68008 
17.68008 
17.64008 
17.60008 
17.60008 
17.56008 
17.52008 
17.52008 
17.48008 
17.48008 
17.44008 
17.40008 
17.36008 
17.36008 
17.32009 
17.28009 
17.28009 
17.24009 
17.20009 
17.16009 
17.16009 
17.12009 
17.08009 
17.08009 
17.04009 
17.00009 
17.00009 
16.96009 
16.9201 
16.9201 
16.8801 
16.8401 
16.8001 
16.7601 
16.7601 
16.7201 
16.7201 
16.6801 
16.6401 
16.6401 
16.6001 
16.5601 
16.5601 
16.52011 
16.52011 
16.48011 
16.44011 
16.44011 
16.40011 
16.40011 
16.36011 
16.32011 
16.32011 
16.28011 
16.24011 
16.24011 
16.20011 
16.16011 
16.16011 
16.12012 
16.08012 
16.08012 
16.04012 
16.04012 
16.00012 
15.96012 
15.96012 
15.92012 
15.88012 
15.88012 
15.84012 
15.80012 
15.80012 
15.76012 
15.76012 
15.72012 
15.68012 
15.68012 
15.64012 
15.60012 
15.60012 
15.56012 
15.56012 
15.52012 
15.48012 
15.48012 
15.44012 
15.40012 
15.36012 
15.36012 
15.32012 
15.32012 
15.28012 
15.24012 
15.20012 
15.16012 
15.16012 
15.12012 
15.08012 
15.08012 
15.04012 
15.00012 
15.00012 
14.96012 
14.92012 
14.92012 
14.84012 
14.84012 
14.80012 
14.76012 
14.72012 
14.72012 
14.68012 
14.64012 
14.60012 
14.56012 
14.56012 
14.52012 
14.52012 
14.50265 
14.54265 
14.54265 
14.58265 
14.58265 
14.62265 
14.62265 
14.66265 
14.70265 
14.70265 
14.74265 
14.74265 
14.78265 
14.82265 
14.86265 
14.90265 
14.90265 
14.94265 
14.98265 
14.98265 
15.02264 
15.06264 
15.06264 
15.10264 
15.10264 
15.14264 
15.18264 
15.18264 
15.22264 
15.22264 
15.26264 
15.30264 
15.30264 
15.34264 
15.38264 
15.38264 
15.42264 
15.46264 
15.46264 
15.50264 
15.50264 
15.54264 
15.58264 
15.58264 
15.62264 
15.66264 
15.70264 
15.74264 
15.74264 
15.78264 
15.82264 
15.82264 
15.86264 
15.86264 
15.90264 
15.94264 
15.94264 
15.98264 
16.02264 
16.02264 
16.06264 
16.06264 
16.10265 
16.14265 
16.14265 
16.18265 
16.22265 
16.22265 
16.26265 
16.26265 
16.30265 
16.34265 
16.34265 
16.38265 
16.42265 
16.46265 
16.50266 
16.50266 
16.54266 
16.58266 
16.62266 
16.62266 
16.66266 
16.70266 
16.70266 
16.74266 
16.78266 
16.78266 
16.82266 
16.82266 
16.86266 
16.90266 
16.94267 
16.94267 
16.98267 
16.98267 
17.02267 
17.06267 
17.06267 
17.10267 
17.14267 
17.14267 
17.18267 
17.22267 
17.22267 
17.26267 
17.26267 
17.30267 
17.34267 
17.34267 
17.38268 
17.42268 
17.42268 
17.46268 
17.50268 
17.50268 
17.54268 
17.58268 
17.58268 
17.62268 
17.66268 
17.66268 
17.70268 
17.74268 
17.78268 
17.82269 
17.82269 
17.86269 
17.90269 
17.94269 
17.94269 
17.98269 
18.02269 
18.02269 
18.06269 
18.06269 
18.10269 
18.14269 
18.14269 
18.18269 
18.22269 
18.22269 
18.2627 
18.3027 
18.3027 
18.3427 
18.3827 
18.4227 
18.4227 
18.4627 
18.5027 
18.5027 
18.5427 
18.5827 
18.6227 
18.6227 
18.6627 
18.70271 
18.74271 
18.74271 
18.78271 
18.82271 
18.86271 
18.90271 
18.90271 
18.94271 
18.98271 
18.98271 
19.02271 
19.06271 
19.06271 
19.10271 
19.14272 
19.18272 
19.18272 
19.22272 
19.26272 
19.34272 
19.34272 
19.38272 
19.38272 
19.42272 
19.46272 
19.50272 
19.54272 
19.58273 
19.62273 
19.66273 
19.66273 
19.70273 
19.74273 
19.74273 
19.78273 
19.82273 
19.82273 
19.86273 
19.90273 
19.90273 
19.94273 
19.98273 
20.02274 
20.02274 
20.06274 
20.10274 
20.10274 
20.14274 
20.14274 
20.18274 
20.22274 
20.26274 
20.26274 
20.30274 
20.30274 
20.34274 
20.38274 
20.38274 
20.42274 
20.46275 
20.46275 
20.50275 
20.54275 
20.54275 
20.58275 
20.62275 
20.62275 
20.66275 
20.70275 
20.70275 
20.74275 
20.78275 
20.78275 
20.82275 
20.86275 
20.90276 
20.90276 
20.94276 
20.98276 
20.98276 
21.02276 
21.06276 
21.06276 
21.10276 
21.14276 
21.18276 
21.18276 
21.22276 
21.26276 
21.26276 
21.29264 
21.25264 
21.21264 
21.21264 
21.17264 
21.13264 
21.13264 
21.09264 
21.05264 
21.05264 
21.01264 
20.97264 
20.97264 
20.93264 
20.89264 
20.89264 
20.85263 
20.85263 
20.81263 
20.77263 
DemonR1 (1)
39.06735 
39.02735 
38.38734 
38.18733 
38.10733 
38.06733 
38.02733 
38.02733 
37.98733 
37.94733 
37.90733 
37.90733 
37.86732 
37.78732 
37.74732 
37.70732 
37.70732 
37.66732 
37.62732 
37.58732 
37.58732 
37.54732 
37.50732 
37.46732 
37.46732 
37.42731 
37.38731 
37.34731 
37.34731 
37.30731 
37.26731 
37.26731 
37.22731 
37.18731 
37.14731 
37.10731 
37.06731 
37.06731 
37.02731 
36.9873 
36.9873 
36.9473 
36.9073 
36.8673 
36.8673 
36.8273 
36.7873 
36.7473 
36.7473 
36.7073 
36.6673 
36.6273 
36.6273 
36.5873 
36.54729 
36.50729 
36.50729 
36.46729 
36.42729 
36.38729 
36.38729 
36.34729 
36.30729 
36.30729 
36.26729 
36.18729 
36.18729 
36.14729 
36.10728 
36.06728 
36.06728 
36.02728 
35.98728 
35.94728 
35.94728 
35.90728 
35.86728 
35.82728 
35.78728 
35.78728 
35.74728 
35.70728 
35.66727 
35.66727 
35.62727 
35.58727 
35.54727 
35.50727 
35.46727 
35.46727 
35.42727 
35.38727 
35.34727 
35.30727 
35.30727 
35.26727 
35.22726 
35.18726 
35.18726 
35.14726 
35.10726 
35.06726 
35.06726 
35.02726 
34.98726 
34.94726 
34.94726 
34.90726 
34.86726 
34.82726 
34.82726 
34.78725 
34.74725 
34.70725 
34.62725 
34.62725 
34.58725 
34.54725 
34.50725 
34.46725 
34.42725 
34.38725 
34.34724 
34.30724 
34.30724 
34.26724 
34.22724 
34.14724 
34.12 
34.16 
34.2 
34.2 
34.24 
34.28 
34.32 
34.36 
34.36 
34.40001 
34.44001 
34.48001 
34.52001 
34.52001 
34.56001 
34.60001 
34.64001 
34.68001 
34.72001 
34.72001 
34.76001 
34.80001 
34.84002 
34.84002 
34.88002 
34.92002 
34.96002 
35.00002 
35.04002 
35.08002 
35.12002 
35.12002 
35.16002 
35.20002 
35.24002 
35.28003 
35.32003 
35.36003 
35.40003 
35.44003 
35.48003 
35.52003 
35.52003 
35.56003 
35.60003 
35.64003 
35.68003 
35.72004 
35.72004 
35.76004 
35.80004 
35.84004 
35.88004 
35.88004 
35.92004 
35.96004 
36.00004 
36.04004 
36.08004 
36.12004 
36.16005 
36.20005 
36.24005 
36.28005 
36.32005 
36.32005 
36.36005 
36.40005 
36.44005 
36.48005 
36.52005 
36.56005 
36.60006 
36.64006 
36.68006 
36.72006 
36.76006 
36.80006 
36.88006 
36.92006 
36.96006 
36.96006 
37.00006 
37.04007 
37.08007 
37.12007 
37.16007 
37.20007 
37.24007 
37.24007 
37.28007 
37.32007 
37.36007 
37.40007 
37.44007 
37.52008 
37.52008 
37.56008 
37.60008 
37.64008 
37.68008 
37.72008 
37.76008 
37.76008 
37.80008 
37.84008 
37.88008 
37.92009 
37.96009 
37.96009 
38.04009 
38.08009 
38.12009 
38.12009 
38.16009 
38.20009 
38.24009 
38.28009 
38.3201 
38.3201 
38.3601 
38.4001 
38.4401 
38.4801 
38.5201 
38.5601 
38.5601 
38.6001 
38.6401 
38.6801 
38.7 
38.7 
38.66 
38.62 
38.58 
38.54 
38.54 
38.5 
38.46 
38.41999 
38.37999 
38.33999 
38.33999 
38.25999 
38.21999 
38.21999 
38.17999 
38.13999 
38.09999 
38.05999 
38.05999 
38.01999 
DemonR1 (2)
106.4274 
106.3874 
105.7473 
105.6273 
105.6273 
105.5873 
105.5473 
105.5073 
105.5073 
105.4673 
105.4273 
105.3873 
105.3473 
105.3073 
105.2673 
105.2273 
105.1873 
105.1873 
105.1473 
105.1073 
105.1073 
105.0673 
105.0673 
105.0273 
104.9873 
104.9873 
104.9473 
104.9473 
104.9073 
104.8673 
104.8673 
104.8273 
104.7873 
104.7873 
104.7473 
104.7473 
104.7073 
104.6673 
104.6273 
104.6273 
104.5873 
104.5873 
104.5473 
104.5073 
104.5073 
104.4673 
104.4673 
104.4273 
104.4273 
104.3873 
104.3873 
104.3473 
104.3473 
104.3073 
104.2673 
104.2673 
104.2273 
104.2273 
104.1873 
104.1873 
104.1473 
104.1473 
104.1073 
104.0673 
104.0673 
104.0273 
104.0273 
103.9873 
103.9873 
103.9473 
103.9073 
103.9073 
103.8673 
103.8673 
103.8273 
103.8273 
103.7873 
103.7873 
103.7473 
103.7473 
103.7073 
103.6673 
103.6673 
103.6273 
103.6273 
103.5873 
103.5873 
103.5473 
103.5073 
103.5073 
103.4673 
103.4673 
103.4273 
103.3873 
103.3873 
103.3473 
103.3073 
103.3073 
103.2673 
103.2673 
103.2273 
103.2273 
103.1873 
103.1473 
103.1473 
103.1073 
103.1073 
103.0673 
103.0273 
103.0273 
102.9873 
102.9473 
102.9473 
102.9073 
102.9073 
102.8673 
102.8273 
102.8273 
102.7873 
102.7473 
102.7473 
102.7073 
102.7073 
102.6673 
102.6273 
102.6273 
102.5873 
102.5873 
102.5473 
102.5473 
102.5073 
102.5073 
102.4673 
102.4273 
102.4273 
102.3873 
102.3873 
102.3473 
102.3473 
102.3073 
102.3073 
102.2673 
102.2273 
102.2273 
102.1873 
102.1873 
102.1473 
102.1073 
102.0673 
102.0673 
102.0273 
102.0273 
101.9873 
101.9473 
101.9072 
101.9072 
101.8672 
101.8672 
101.8272 
101.7872 
101.7872 
101.7472 
101.7472 
101.7072 
101.6672 
101.6672 
101.6272 
101.6272 
101.5872 
101.5872 
101.5472 
101.5072 
101.5072 
101.48 
101.48 
101.52 
101.56 
101.6 
101.6 
101.64 
101.68 
101.68 
101.72 
101.72 
101.76 
101.76 
101.8 
101.84 
101.84 
101.88 
101.88 
101.92 
101.96 
101.96 
102 
102 
102.04 
102.04 
102.08 
102.12 
102.12 
102.16 
102.16 
102.2 
102.24 
102.24 
102.28 
102.32 
102.32 
102.36 
102.4 
102.4 
102.44 
102.48 
102.48 
102.52 
102.52 
102.56 
102.6 
102.6 
102.64 
102.64 
102.68 
102.68 
102.72 
102.76 
102.76 
102.8 
102.8 
102.84 
102.88 
102.88 
102.92 
102.92 
102.96 
102.96 
103 
103.04 
103.04 
103.08 
103.08 
103.12 
103.16 
103.16 
103.2 
103.24 
103.24 
103.28 
103.28 
103.32 
103.36 
103.36 
103.4 
103.4 
103.44 
103.44 
103.48 
103.5201 
103.5201 
103.5601 
103.6001 
103.6401 
103.6401 
103.6801 
103.7201 
103.7201 
103.7601 
103.7601 
103.8001 
103.8401 
103.8401 
103.8801 
103.8801 
103.9201 
103.9601 
103.9601 
104.0001 
104.0001 
104.0801 
104.0801 
104.1201 
104.1201 
104.1601 
104.2001 
104.2001 
104.2401 
104.2801 
104.3201 
104.3201 
104.3601 
104.4001 
104.4001 
104.4401 
104.4801 
104.4801 
104.5201 
104.5601 
104.6001 
104.6001 
104.6401 
104.7601 
104.8401 
104.8801 
104.9201 
104.9601 
104.9601 
105.0001 
105.0401 
105.0801 
105.1201 
105.1601 
105.1601 
105.2001 
105.2401 
105.2801 
105.3201 
105.3601 
105.4001 
105.4001 
105.4401 
105.4801 
105.5201 
105.5601 
105.6001 
105.6401 
105.6801 
105.7201 
105.7601 
105.7601 
105.8001 
105.8401 
105.8801 
105.9201 
105.9601 
106.0001 
106.0001 
106.0401 
106.06 
106.02 
105.98 
105.94 
105.94 
105.9 
105.86 
105.82 
105.78 
105.78 
105.74 
105.7 
105.66 
105.62 
105.58 
105.54 
105.5 
105.46 
105.42 
105.38 
105.34 
105.26 
105.22 
105.18 
105.14 
105.1 
